<?xml version="1.0"?>
<opencv_storage>
<calibration_Time>"Wed Feb  1 16:52:46 2017"</calibration_Time>
<nrOfFrames>25</nrOfFrames>
<image_Width>2592</image_Width>
<image_Height>1456</image_Height>
<board_Width>9</board_Width>
<board_Height>6</board_Height>
<square_Size>2.5399999618530273e+001</square_Size>
<FixAspectRatio>1.</FixAspectRatio>
<!-- flags:  +fix_aspectRatio +fix_principal_point +zero_tangent_dist -->
<flagValue>14</flagValue>
<Camera_Matrix type_id="opencv-matrix">
  <rows>3</rows>
  <cols>3</cols>
  <dt>d</dt>
  <data>
    1.4351399153281568e+003 0. 1.2955000000000000e+003 0.
    1.4351399153281568e+003 7.2750000000000000e+002 0. 0. 1.</data></Camera_Matrix>
<Distortion_Coefficients type_id="opencv-matrix">
  <rows>5</rows>
  <cols>1</cols>
  <dt>d</dt>
  <data>
    -2.4481057438454754e-001 4.9706112246949707e-002 0. 0.
    -4.6332227382519710e-003</data></Distortion_Coefficients>
<Avg_Reprojection_Error>7.7000337408659580e-001</Avg_Reprojection_Error>
<Per_View_Reprojection_Errors type_id="opencv-matrix">
  <rows>25</rows>
  <cols>1</cols>
  <dt>f</dt>
  <data>
    5.72837949e-001 4.36722964e-001 4.19607073e-001 4.29436415e-001
    5.90768099e-001 5.27287245e-001 3.28958929e-001 4.57732677e-001
    4.97692108e-001 3.77855003e-001 3.02437574e-001 6.60241544e-001
    2.53264368e-001 3.62897456e-001 2.99956262e-001 4.94972110e-001
    4.16385174e-001 1.44575274e+000 1.02666080e+000 1.16443038e+000
    1.12470806e+000 1.36627483e+000 9.65501666e-001 1.12735605e+000
    1.24158192e+000</data></Per_View_Reprojection_Errors>
<!-- a set of 6-tuples (rotation vector + translation vector) for each view -->
<Extrinsic_Parameters type_id="opencv-matrix">
  <rows>25</rows>
  <cols>6</cols>
  <dt>d</dt>
  <data>
    1.7104632842965800e-001 -1.5247051459711675e-001
    -1.5320325160722559e+000 -4.6836474181235269e+002
    1.1082691193491566e+002 4.3784836280719674e+002
    1.1990886338544381e-001 -1.5691779967680355e-001
    -1.5329547189531572e+000 -4.5949628914217823e+002
    1.9314543430971716e+002 4.3836192217379465e+002
    1.8064346648727425e-001 -1.5974198054948580e-001
    -1.5467289876972024e+000 -4.8198438049527982e+002
    8.4277596998464244e+000 4.3091312422963875e+002
    1.5153393451692379e-001 -1.0472248085751110e-001
    -1.5541868225333748e+000 -2.9700331851374597e+002
    3.3598079748829484e+001 4.7570183129767571e+002
    1.4935305482531672e-001 -6.0837295484933059e-002
    -1.5855865403313247e+000 -1.3236063307771391e+002
    2.1192877712793315e+001 5.1007068485665150e+002
    1.7071107487256443e-001 1.0590670418926621e-002
    -1.6038360130652844e+000 7.9038621922408410e+001
    -4.1365844049592667e+001 5.7079939700036766e+002
    1.0804042077742268e-001 5.2397569176392461e-002
    -1.5744574162047758e+000 2.8670127905922095e+002
    -2.1149951734986459e+001 6.1099099047397033e+002
    4.8575644015494232e-002 1.4421554943033843e-001
    -1.5647802530189563e+000 4.9377392466908424e+002
    -8.8633766773358730e+001 6.1306214309000757e+002
    -3.0324324468619098e-002 8.6559941603435275e-002
    -1.5599982384719751e+000 5.0580195418433613e+002
    8.8221057506286741e+001 6.1867430795040593e+002
    -1.4410321384614116e-001 2.0977557609870939e-002
    -1.5399724534322163e+000 5.1813780812701862e+002
    2.9319477701844920e+002 5.9474884035638286e+002
    -7.0376178482056656e-002 -2.9249689090294059e-002
    -1.5251184542772036e+000 2.0117417022708855e+002
    2.7856513130110756e+002 5.9612692109103614e+002
    5.9798960053493277e-002 -1.2295716130546006e-001
    -1.5317171657854043e+000 -7.6196934330989393e+001
    2.5064426547360034e+002 5.6864159891242980e+002
    1.5909888829652191e-001 -2.5917386273611526e-001
    -1.5260657822309125e+000 -3.3798666288811432e+002
    2.3890830354311476e+002 5.4082317589235765e+002
    2.1025569347390907e-001 -3.3950616875491901e-001
    -1.5265300833387636e+000 -5.0135932727072060e+002
    2.5991351262270894e+002 5.1436808841740947e+002
    2.5511458968185047e-001 -2.4300169101965519e-001
    -1.5188113318565228e+000 -3.3709736903684950e+002
    1.1875308093280749e+002 5.7009852971090493e+002
    1.2206202159465762e-001 -6.2621121125184295e-002
    -1.5557494821908118e+000 -5.2054564646239470e+001
    1.0958376453769965e+002 6.2361057997305409e+002
    4.8124876615158560e-002 1.9182502268293284e-002
    -1.5559670525595075e+000 1.7293286874498398e+002
    9.9274875230226954e+001 6.3190414382531856e+002
    2.9530652849001837e-001 -2.8282458848712677e-001
    -1.5375757024364540e+000 -2.0205455769620116e+002
    1.0392145928282024e+002 1.8167725850031698e+002
    2.2942728576005841e-001 -2.0934016294420399e-001
    -1.5410698777266121e+000 -1.2552215290501361e+002
    1.0352681701805631e+002 2.0385372332209033e+002
    1.3915097857243089e-001 -1.3525756141547784e-001
    -1.5470378080793461e+000 -2.8452295461252735e+001
    1.0280338166931843e+002 2.2309757539237432e+002
    2.0290049635578358e-002 -4.1316473265026070e-002
    -1.5601886264291220e+000 7.7889929712149055e+001
    1.0862139784160038e+002 2.2428819095991761e+002
    2.6964823465961396e-001 -2.6750063387648593e-001
    -1.0943920333016468e+000 -1.5508504362528768e+002
    7.5011224629136393e+001 2.2967677696591676e+002
    1.1508253561141593e-001 2.6714518901722489e-003
    -1.1478871679890137e+000 7.7636466706461690e+001
    6.7607129670375500e+001 2.3718779897119092e+002
    1.3325297172998402e-002 -2.6754768688771385e-001
    -2.0686611479730210e+000 1.1525825712901461e+002
    9.9011664957981893e+001 2.3483855079586851e+002
    8.9266174363477849e-002 -2.8033777410321864e-001
    -2.0550444110121928e+000 4.1088296048841627e+001
    1.0847115348575672e+002 2.3017701324428015e+002</data></Extrinsic_Parameters>
