<?xml version="1.0"?>
<opencv_storage>
<calibration_Time>"Wed Feb  1 16:49:55 2017"</calibration_Time>
<nrOfFrames>25</nrOfFrames>
<image_Width>2592</image_Width>
<image_Height>1456</image_Height>
<board_Width>9</board_Width>
<board_Height>6</board_Height>
<square_Size>2.5399999618530273e+001</square_Size>
<FixAspectRatio>1.</FixAspectRatio>
<!-- flags:  +fix_aspectRatio +fix_principal_point +zero_tangent_dist -->
<flagValue>14</flagValue>
<Camera_Matrix type_id="opencv-matrix">
  <rows>3</rows>
  <cols>3</cols>
  <dt>d</dt>
  <data>
    2.92322823e+03 0. 1.58321740e+03
    0. 2.93130605e+03 8.72311538e+02 0. 0. 1.</data></Camera_Matrix>
<Distortion_Coefficients type_id="opencv-matrix">
  <rows>5</rows>
  <cols>1</cols>
  <dt>d</dt>
<!--   <data>
-2.38209894e-01 -7.94674914e+01 1.53195217e-02 5.64960644e-02
    1.04093608e+03</data></Distortion_Coefficients> -->
  <data>
	    -2.9630319639766972e-001 5.6623871558912110e-002 0. 0.
    1.7668197277076930e-004</data></Distortion_Coefficients>	
<Avg_Reprojection_Error>6.5641518475844318e-001</Avg_Reprojection_Error>
<Per_View_Reprojection_Errors type_id="opencv-matrix">
  <rows>25</rows>
  <cols>1</cols>
  <dt>f</dt>
  <data>
    6.13310456e-001 3.20659518e-001 3.74979436e-001 3.05871904e-001
    4.00616795e-001 2.64337808e-001 2.86023527e-001 3.08896184e-001
    4.12656605e-001 3.52448642e-001 5.82314730e-001 4.17040646e-001
    1.69298577e+000 1.17750156e+000 1.43084836e+000 1.41723239e+000
    2.05843821e-001 2.65128553e-001 2.32707992e-001 3.32424194e-001
    2.73883373e-001 2.29235128e-001 2.64553189e-001 1.64659560e-001
    1.82203829e-001</data></Per_View_Reprojection_Errors>
<!-- a set of 6-tuples (rotation vector + translation vector) for each view -->
<Extrinsic_Parameters type_id="opencv-matrix">
  <rows>25</rows>
  <cols>6</cols>
  <dt>d</dt>
  <data>
    1.4033047852533323e-001 1.8806456961319187e-002
    2.4616594428688868e-002 -1.6353175200519277e+002
    -7.1388338989858468e+001 6.6541995431359851e+002
    1.2736409882415620e-001 -1.7577780087322797e-001
    3.3245945824803141e-002 -5.6921791680880131e+002
    -5.7362273367534137e+001 6.3063551443938354e+002
    2.1039223993371334e-001 -2.0614359900646795e-001
    2.0232653303700200e-002 -6.1684260453830450e+002
    -3.0256380121850827e+002 6.1960415127976012e+002
    1.5698707287973857e-001 -9.9803369152555069e-002
    2.3035983696950386e-002 -4.1588831392210227e+002
    -2.7440063504452638e+002 6.5872044750756038e+002
    1.5718727093373616e-001 4.3004631802414345e-002
    -7.7074048139750880e-003 -1.1023112024969898e+002
    -2.6897673727447886e+002 6.6860973859993544e+002
    1.5071651748709100e-001 1.6671269415690890e-001
    1.9789826261324864e-002 3.2387652605135457e+002
    -2.7017393906192189e+002 6.8906753874025571e+002
    5.4484010194137358e-002 1.7025763877851738e-001
    5.6123952341605955e-003 2.8342863853289157e+002
    -7.7288700720533100e+001 6.9739017011810074e+002
    -1.1379612361762548e-002 1.7876042386314375e-001
    1.3044190490670654e-002 3.7124069798166613e+002
    1.6883507594645548e+002 7.2516673671290539e+002
    1.2836917811443967e-002 1.7434255220883130e-002
    1.2555943023048776e-002 2.6378117795653349e+001
    1.4678191007791557e+002 7.2684769341076492e+002
    -1.1373676264145397e-002 -1.4727552888827375e-001
    1.6486905393759289e-002 -3.1710675732515836e+002
    1.5384365273939824e+002 6.7820149753971884e+002
    -1.4081058188906995e-002 -3.3889718473471842e-001
    2.8512127751475224e-002 -5.3830824533739690e+002
    1.5704372643791709e+002 6.0273870299454939e+002
    1.2964698979787831e-001 -3.1974622075271963e-001
    2.5135999424358742e-002 -5.6746757866234634e+002
    -4.4291878918464903e+001 5.9019501496594285e+002
    9.0142056362676470e-002 -3.0877894838999002e-002
    2.3958470007270579e-002 -1.2419601936826142e+002
    -6.4899374798835026e+001 1.8225894651134612e+002
    6.9505296474522166e-002 3.2921493796202884e-002
    -1.2071819551906122e-003 -2.7141545894510010e+001
    -6.3225499772159047e+001 1.9701934425640636e+002
    1.4213673499842833e-001 -7.0602960386440317e-002
    -4.5561989853693652e-001 -1.4483805226388787e+002
    -1.1909138284230623e+001 2.4955779412331984e+002
    8.0657580841679705e-002 -4.7928721674562530e-003
    4.0077622783555028e-001 -1.0620492954168940e+002
    -9.1163935727418021e+001 2.5084926031836895e+002
    1.4472158169977326e-001 -8.1406463559601225e-002
    4.2582893330916388e-002 -8.2378302118178067e+002
    -9.3435276094090497e+001 1.0734571407392318e+003
    1.4759435248559671e-001 5.1909426085508165e-002
    2.4077532943201890e-002 -1.4398721974919786e+002
    -7.3387410972111226e+001 1.1532207622475526e+003
    2.8139946157187852e-002 1.5858956176883360e-001
    -3.5882445743852021e-002 5.4305252968357763e+002
    -5.4395441454503569e+001 9.9184502747509998e+002
    8.8132092094638376e-002 1.7759294566339762e-001
    5.4340345796412323e-002 5.3659618268297368e+002
    -3.8485865520327809e+002 1.0232851351705139e+003
    -1.3054058601288743e-002 8.5418441164564637e-002
    5.9351538789167685e-002 -1.3269150092427321e+002
    -3.2017630063917744e+002 1.0781923656261117e+003
    -1.8995741594304543e-002 -1.1493508131289423e-001
    1.0219837500930620e-001 -7.1066741944816795e+002
    -3.6575759262659039e+002 9.4148994850249574e+002
    1.5682905953165245e-002 -1.6434173527690599e-001
    3.3937665640584147e-002 -8.3141609524709247e+002
    2.9593316566111480e+002 1.1037137506411054e+003
    1.1470507425470840e-002 1.2869480598611971e-001
    -1.3425275764644961e-002 -1.4574164486907267e+002
    3.6343744293813648e+002 1.2501512455368977e+003
    1.3782537430896105e-001 2.3358903384253490e-001
    -6.3662927635975947e-002 4.7382493512213853e+002
    2.3334614383001738e+002 1.3066150408390822e+003</data></Extrinsic_Parameters>
